line
0 0 0 0 300 0 
line
0 300 0 10 300 0
line
10 300 0 10 280 0
line
10 280 0 20 280 0
line
20 280 0 20 300 0
line
20 300 0 30 300 0
line
30 300 0 30 280 0
line
30 280 0 40 280 0
line
40 280 0 40 300 0
line
40 300 0 50 300 0
line
50 300 0 50 280 0
line
50 280 0 60 280 0
line
60 280 0 60 300 0
line
60 300 0 70 300 0
line
70 300 0 70 0 0
line
70 200 0 90 200 0
line
90 200 0 90 190 0
line
90 190 0 110 190 0
line
110 190 0 110 200 0
line
110 200 0 130 200 0
line
130 200 0 130 190 0
line
130 190 0 150 190 0
line
150 190 0 150 200 0
line
150 200 0 170 200 0
line
170 200 0 170 190 0
line
170 190 0 190 190 0
line
190 190 0 190 200 0
line
190 200 0 210 200 0
line
210 200 0 210 190 0
line
210 190 0 230 190 0
line
230 190 0 230 200 0
line
230 200 0 250 200 0
line
250 200 0 250 190 0
line
250 190 0 270 190 0
line
270 190 0 270 200 0
line
270 200 0 290 200 0
line
290 200 0 290 190 0
line
290 190 0 310 190 0
line
310 190 0 310 200 0
line
310 200 0 330 200 0
line
330 200 0 330 190 0
line
330 190 0 350 190 0
line
350 190 0 350 200 0
line
350 200 0 370 200 0
line
370 200 0 370 190 0
line
370 190 0 390 190 0
line
390 190 0 390 200 0
line
390 200 0 410 200 0
line
410 0 0 410 300 0
line
410 300 0 420 300 0
line
420 300 0 420 280 0
line
420 280 0 430 280 0
line
430 280 0 430 300 0
line
430 300 0 440 300 0
line
440 300 0 440 280 0
line
440 280 0 450 280 0
line
450 280 0 450 300 0
line
450 300 0 460 300 0
line
460 300 0 460 280 0
line
460 280 0 470 280 0
line
470 280 0 470 300 0
line
470 300 0 480 300 0
line
480 300 0 480 280 0
line
480 280 0 490 280 0
line
490 280 0 490 300 0
line
490 300 0 500 300 0
line
120 200 0 120 250 0
line
120 250 0 360 250 0
line
360 250 0 360 200 0
line
150 250 0 150 300 0
line
150 300 0 330 300 0
line
330 300 0 330 250 0
line
240 300 0 240 340 0
line
240 340 0 260 335 0
line
240 330 0 260 335 0
line
160 0 0 170 100 0
line
170 100 0 300 100 0
line
300 100 0 310 0 0
display
save
castle.png